 T=  500
 N=  800
 StdDev=          17.2133985045366
 NumBreaks= 8         
 BreakPoints= 32           102          287          312          328          447          454          469         
  bvals =          8.28551380662248 8.11931654531509 8.14838498889003 7.09728811401874 9.83240491361357 6.71208384505007
  9.17253657081164 8.66154699074104 7.42930670653004
 -------------------------------------------
 T=  500
 N=  800
 StdDev=          45.2108843973838
 NumBreaks= 10        
  BreakPoints= 6            94           167          269          315          321          349          358         
 364          409         
  bvals =          7.31411696295254 4.96706582559273 9.97123780183028 6.70794265926816 9.42605463170912 9.32272126630414
  6.13066638878081 5.22925550350919 5.96250999206677 4.53150148538407 9.00781001814175
 -------------------------------------------
 T=  500
 N=  800
 StdDev=          13.0344372321852
 NumBreaks= 17        
  BreakPoints= 75           85           97           113          137          167          171          175         
 232          251          259          293          317          350          382          430          476         
  bvals =          9.85935669776518 5.05030200339388 9.07924960367382 6.97804797824938 9.17752524709795 7.6336334903026 
  9.78848382655997 9.75112903653644 6.06078729894944 8.5678357379511  4.88908416626509 9.45065750740469 5.23381314938888
[15] 7.55737342732027 7.80224417895079 5.23128571431153 7.3012178549543  6.51877449161839
 -------------------------------------------
 T=  500
 N=  800
 StdDev=          5.15200918028131
 NumBreaks= 1         
 BreakPoints= 442         
 bvals =          8.79294881015085 4.86068017513026
 -------------------------------------------
 T=  500
 N=  800
 StdDev=          41.0536542474292
 NumBreaks= 3         
 BreakPoints= 181          308          389         
 bvals =          7.9942878325237  5.40255542797968 6.73833189404104 9.88868014735635
 -------------------------------------------
 T=  500
 N=  800
 StdDev=          11.7591967042536
 NumBreaks= 18        
  BreakPoints= 19           30           64           100          126          214          226          261         
 275          311          312          365          374          378          395          396          477         
[19] 480         
  bvals =          6.40010585053824 6.72982442670036 7.4509774337057  6.01705778238829 6.7311927487608  6.89530053583439
  6.27129787392914 4.51889629091602 9.85132990591228 5.12101924454328 7.51714707375504 9.29763559193816 9.24427008011844
[15] 7.85799034836236 4.50812952802517 6.28214275406208 9.28743804304395 7.2875895233592  9.47881972976029
 -------------------------------------------
 T=  500
 N=  800
 StdDev=          50.3704791874625
 NumBreaks= 7         
 BreakPoints= 8            206          257          361          363          386          474         
 bvals =          8.24030066817068 6.88912162103225 5.886667814455   5.30535548646003 7.92172046436463 7.68822572787758
 7.56172684556805 4.63391865137964
 -------------------------------------------
 T=  500
 N=  800
 StdDev=          21.2927052713931
 NumBreaks= 8         
 BreakPoints= 4            14           23           29           104          169          338          452         
  bvals =          7.17637429700699 6.59344212664291 6.79815372382291 7.93633475818206 6.83382381964475 5.92037670675199
  9.77129141660407 4.66949936863966 5.91607009712607
 -------------------------------------------
 T=  500
 N=  800
 StdDev=          10.2309697689489
 NumBreaks= 5         
 BreakPoints= 199          240          426          478          486         
 bvals =          9.8016963818809  8.4340573574882  5.55252331297379 8.61266754870303 7.39538523857482 5.44133379275445
 -------------------------------------------
 T=  500
 N=  800
 StdDev=          17.8424845789559
 NumBreaks= 11        
  BreakPoints= 62           128          189          217          269          275          289          296         
 321          344          403         
  bvals =          5.38165185740218 6.91595117619727 7.38162138441112 7.63518198323436 8.59498532128055 9.02811561827548
  6.74311335256789 7.92634081712458 8.74638075078838 8.1171026036609  8.38175181706902 5.22060823137872
 -------------------------------------------
 T=  500
 N=  800
 StdDev=          14.2834473322146
 NumBreaks= 6         
 BreakPoints= 178          194          278          316          338          342         
 bvals =          9.49282330123242 5.31280852342024 4.90413856075611 7.81230293470435 9.26869581732899 7.24630320863798
 5.86939970240928
 -------------------------------------------
 T=  500
 N=  800
 StdDev=          10.5147909875959
 NumBreaks= 6         
 BreakPoints= 51           197          203          381          480          495         
 bvals =          5.79916160646826 8.45050960651133 5.228272140841   8.21308333636262 4.75362278707325 5.14327869133558
 9.76897826418281
 -------------------------------------------
 T=  500
 N=  800
 StdDev=          49.8851521117613
 NumBreaks= 10        
  BreakPoints= 47           72           263          288          302          311          385          428         
 458          468         
  bvals =          9.35387887677643 9.05890220834408 9.3566726304125  7.70678998273797 5.091108925757   9.39150619099382
  5.54640484997071 9.23821317276452 5.32801632361952 6.82807941711508 8.35020059568342
 -------------------------------------------
 T=  500
 N=  800
 StdDev=          14.8054207717068
 NumBreaks= 9         
  BreakPoints= 6            39           75           110          194          221          227          374         
 402         
  bvals =          8.64905522135086 5.62276546319481 4.52662097616121 6.62284809735138 9.78473725565709 6.21142989757936
  9.23701146035455 9.09385951922741 9.02178695762996 7.46459758630954
 -------------------------------------------
 T=  500
 N=  800
 StdDev=          37.0599132836796
 NumBreaks= 7         
 BreakPoints= 48           54           151          189          332          482          499         
 bvals =          9.43207705335226 8.73090485716239 9.45866908098105 5.56283491058275 9.87141543137841 9.43940734013449
 7.7057115084026  9.35844536498189
 -------------------------------------------
 T=  500
 N=  800
 StdDev=          20.1003979127854
 NumBreaks= 18        
  BreakPoints= 26           46           70           90           120          126          149          164         
 197          237          259          272          310          359          412          451          452         
[19] 482         
  bvals =          4.74399809795432 7.63317575107794 9.08842383360025 5.43914900324307 9.05759265541565 8.23294176580384
  7.40031198400538 9.00353121478111 9.75133728131186 5.65535490296315 4.72332736034878 7.71529083594214 5.11474928003736
[15] 5.22204949718434 8.44017250894103 7.96278681070544 9.61550962238107 7.07947100687306 6.1815336945001 
 -------------------------------------------
 T=  500
 N=  800
 StdDev=          42.8122497801669
 NumBreaks= 11        
  BreakPoints= 56           64           115          161          170          242          315          401         
 423          424          446         
  bvals =          9.33041706832591 8.93524760962464 8.5572721590288  7.19284230470657 7.24418072903063 4.92122644686606
  7.84681185323279 6.91717206640169 6.07892733218614 6.95375215087552 7.25504972354975 9.92582406871952
 -------------------------------------------
 T=  500
 N=  800
 StdDev=          44.9152282793075
 NumBreaks= 6         
 BreakPoints= 90           118          126          185          196          368         
 bvals =          8.34609719563741 9.44672616838943 7.68506058887579 8.78601149783935 6.54962118004914 7.97926613478921
 5.69709108141251
 -------------------------------------------
 T=  500
 N=  800
 StdDev=          43.3266609762795
 NumBreaks= 17        
  BreakPoints= 33           40           68           134          140          166          218          260         
 266          271          273          426          430          479          488          498          500         
  bvals =          8.20796815527137 6.29594817420002 5.31740221986547 7.68497377273161 7.12628464726731 9.78385931451339
  5.36695326247718 4.51131766987965 4.97315031127073 5.8140517808497  7.74789547221735 6.8944167207228  7.78469262330327
[15] 8.69144614809193 8.84062673826702 7.08964142564218 9.63823905063327 8.05228263803292
 -------------------------------------------
 T=  500
 N=  800
 StdDev=          35.6188832842745
 NumBreaks= 6         
 BreakPoints= 247          252          267          319          401          402         
 bvals =          8.69270207465161 6.01858861499932 4.5766122987261  5.55248102347832 7.29514178133104 6.46423155337106
 4.85307760618161
 -------------------------------------------
