 T=  500
 N=  800
 StdDev=          17.2133985045366
 NumBreaks= 8         
 b=c(
 rep(             8.28551380662248 ,                31               ),              
 rep(             8.11931654531509 ,                70               ),              
 rep(             8.14838498889003 ,                185              ),              
 rep(             7.09728811401874 ,                25               ),              
 rep(             9.83240491361357 ,                16               ),              
 rep(             6.71208384505007 ,                119              ),              
 rep(             9.17253657081164 ,                7                ),              
 rep(             8.66154699074104 ,                15               ),              
 rep(             7.42930670653004 ,                32               )              
 )
 BreakPoints= 32           102          287          312          328          447          454          469         
  bvals =          8.28551380662248 8.11931654531509 8.14838498889003 7.09728811401874 9.83240491361357 6.71208384505007
  9.17253657081164 8.66154699074104 7.42930670653004
  
  ***********************

		Tau
[1]    10.00 18249.55
[1]    20.00 12530.31
[1]    30.00 10091.64
[1]   40.000 8161.982
[1]   50.000 8957.297
[1]   75.000 9721.536
[1]  100.00 8590.48

		ConfVal
[1]    0.010 4727.146
[1]    0.050 9086.564
[1]     0.10 11057.78
[1]     0.20 12236.73
[1]     0.25 12020.26
  
  
  ************************
  
 -------------------------------------------
 T=  500
 N=  800
 StdDev=          45.2108843973838
 NumBreaks= 10        
 b=c(
 rep(             7.31411696295254 ,                5                ),              
 rep(             4.96706582559273 ,                88               ),              
 rep(             9.97123780183028 ,                73               ),              
 rep(             6.70794265926816 ,                102              ),              
 rep(             9.42605463170912 ,                46               ),              
 rep(             9.32272126630414 ,                6                ),              
 rep(             6.13066638878081 ,                28               ),              
 rep(             5.22925550350919 ,                9                ),              
 rep(             5.96250999206677 ,                6                ),              
 rep(             4.53150148538407 ,                45               ),              
 rep(             9.00781001814175 ,                92               )
 )
  BreakPoints= 6            94           167          269          315          321          349          358         
 364          409         
  bvals =          7.31411696295254 4.96706582559273 9.97123780183028 6.70794265926816 9.42605463170912 9.32272126630414
  6.13066638878081 5.22925550350919 5.96250999206677 4.53150148538407 9.00781001814175
  
  *************************
  
 [1]    10.00 24715.89
[1]    20.00 25064.66
[1]    30.00 28979.93
[1]    40.00 44435.93
[1]    50.00 62233.38
[1]    75.00 74214.45
[1]   100.00 65797.21

[1]     0.01 11374.85
[1]     0.05 21273.46
[1]     0.10 19175.86
[1]     0.20 19772.56
[1]     0.25 19850.54
  
  **************************
  
  
 -------------------------------------------
 T=  500
 N=  800
 StdDev=          13.0344372321852
 NumBreaks= 17        
 b=c(
 rep(             9.85935669776518 ,                74               ),              
 rep(             5.05030200339388 ,                10               ),              
 rep(             9.07924960367382 ,                12               ),              
 rep(             6.97804797824938 ,                16               ),              
 rep(             9.17752524709795 ,                24               ),              
 rep(            7.6336334903026 ,               30              ),             
 rep(             9.78848382655997 ,                4                ),              
 rep(             9.75112903653644 ,                4                ),              
 rep(             6.06078729894944 ,                57               ),              
 rep(            8.5678357379511 ,               19              ),             
 rep(             4.88908416626509 ,                8                ),              
 rep(             9.45065750740469 ,                34               ),              
 rep(             5.23381314938888 ,                24               ),              
 rep(             7.55737342732027 ,                33               ),              
 rep(             7.80224417895079 ,                32               ),              
 rep(             5.23128571431153 ,                48               ),              
 rep(            7.3012178549543 ,               46              ),             
 rep(             6.51877449161839 ,                25               )
 )
  BreakPoints= 75           85           97           113          137          167          171          175         
 232          251          259          293          317          350          382          430          476         
  bvals =          9.85935669776518 5.05030200339388 9.07924960367382 6.97804797824938 9.17752524709795 7.6336334903026 
  9.78848382655997 9.75112903653644 6.06078729894944 8.5678357379511  4.88908416626509 9.45065750740469 5.23381314938888
 7.55737342732027 7.80224417895079 5.23128571431153 7.3012178549543  6.51877449161839
 
 ***********************
 
[1]    10.00 33274.54
[1]    20.00 29564.61
[1]    30.00 30590.57
[1]    40.00 31314.88
[1]    50.00 37078.81
[1]    75.00 27841.28
[1]   100.00 32716.33


[1]     0.01 11894.25
[1]     0.05 20560.07
[1]     0.10 21647.86
[1]     0.20 17968.26
[1]     0.25 18530.08
 
 *************************
 
 -------------------------------------------
 T=  500
 N=  800
 StdDev=          5.15200918028131
 NumBreaks= 1         
 b=c(
 rep(             8.79294881015085 ,                441              ),              
 rep(             4.86068017513026 ,                59               )
 )
 BreakPoints= 442         
 bvals =          8.79294881015085 4.86068017513026
 
 ************************
 
[1]    10.00 22568.72
[1]    20.00 15136.77
[1]    30.0 13051.6
[1]    40.0 16440.8
[1]    50.00 18078.59
[1]    75.00 20635.73
[1]   100.00 22472.02


[1]    0.010 8241.907
[1]     0.05 11008.38
[1]     0.10 11255.48
[1]     0.20 11795.59
[1]     0.25 11854.78 
 
 **************************
 
 -------------------------------------------
 T=  500
 N=  800
 StdDev=          41.0536542474292
 NumBreaks= 3         
 b=c(
 rep(            7.9942878325237 ,               180             ),             
 rep(             5.40255542797968 ,                127              ),              
 rep(             6.73833189404104 ,                81               ),              
 rep(             9.88868014735635 ,                112              )
 )
 BreakPoints= 181          308          389         
 bvals =          7.9942878325237  5.40255542797968 6.73833189404104 9.88868014735635
 
 **************************
 
[1]    10.00 20668.62
[1]    20.00 14967.95
[1]    30.00 15074.57
[1]    40.00 15571.74
[1]    50.00 19380.42
[1]    75.00 28337.92
[1]   100.00 23317.27

[1]    0.010 8554.695
[1]     0.05 18286.07
[1]     0.10 14252.47
[1]     0.20 16026.41
[1]     0.25 17525.15
 
 **************************
 
 
 -------------------------------------------
 T=  500
 N=  800
 StdDev=          11.7591967042536
 NumBreaks= 18        
 b=c(
 rep(             6.40010585053824 ,                18               ),              
 rep(             6.72982442670036 ,                11               ),              
 rep(            7.4509774337057 ,               34              ),             
 rep(             6.01705778238829 ,                36               ),              
 rep(            6.7311927487608 ,               26              ),             
 rep(             6.89530053583439 ,                88               ),              
 rep(             6.27129787392914 ,                12               ),              
 rep(             4.51889629091602 ,                35               ),              
 rep(             9.85132990591228 ,                14               ),              
 rep(             5.12101924454328 ,                36               ),              
 rep(             7.51714707375504 ,                1                ),              
 rep(             9.29763559193816 ,                53               ),              
 rep(             9.24427008011844 ,                9                ),              
 rep(             7.85799034836236 ,                4                ),              
 rep(             4.50812952802517 ,                17               ),              
 rep(             6.28214275406208 ,                1                ),              
 rep(             9.28743804304395 ,                81               ),              
 rep(            7.2875895233592 ,               3               ),             
 rep(             9.47881972976029 ,                21               )
 )
  BreakPoints= 19           30           64           100          126          214          226          261         
 275          311          312          365          374          378          395          396          477         
[19] 480         
  bvals =          6.40010585053824 6.72982442670036 7.4509774337057  6.01705778238829 6.7311927487608  6.89530053583439
  6.27129787392914 4.51889629091602 9.85132990591228 5.12101924454328 7.51714707375504 9.29763559193816 9.24427008011844
[15] 7.85799034836236 4.50812952802517 6.28214275406208 9.28743804304395 7.2875895233592  9.47881972976029

*********************************

[1]    10.00 25606.42
[1]    20.00 39418.09
[1]    30.00 40211.18
[1]    40.00 41498.76
[1]    50.0 32906.5
[1]    75.00 24981.21
[1]   100.00 48287.56

[1]     0.01 22328.47
[1]     0.05 18818.00
[1]     0.10 21960.16
[1]     0.20 18418.75
[1]     0.25 19720.18

*********************************

 -------------------------------------------
 T=  500
 N=  800
 StdDev=          50.3704791874625
 NumBreaks= 7         
 b=c(
 rep(             8.24030066817068 ,                7                ),              
 rep(             6.88912162103225 ,                198              ),              
 rep(           5.886667814455 ,              51             ),            
 rep(             5.30535548646003 ,                104              ),              
 rep(             7.92172046436463 ,                2                ),              
 rep(             7.68822572787758 ,                23               ),              
 rep(             7.56172684556805 ,                88               ),              
 rep(             4.63391865137964 ,                27               )              
 )
 BreakPoints= 8            206          257          361          363          386          474         
 bvals =          8.24030066817068 6.88912162103225 5.886667814455   5.30535548646003 7.92172046436463 7.68822572787758
 7.56172684556805 4.63391865137964
 
 ********************************
 
[1]    10.00 15646.47
[1]    20.00 14162.49
[1]    30.00 15527.78
[1]    40.0 17017.2
[1]    50.00 15610.39
[1]    75.00 16673.68
[1]   100.0 22690.2
 
[1]     0.01 20697.05
[1]     0.05 20817.88
[1]     0.10 19509.46
[1]     0.20 10616.58
[1]     0.25 17691.31
 ********************************
 
 -------------------------------------------
 T=  500
 N=  800
 StdDev=          21.2927052713931
 NumBreaks= 8         
 b=c(
 rep(             7.17637429700699 ,                3                ),              
 rep(             6.59344212664291 ,                10               ),              
 rep(             6.79815372382291 ,                9                ),              
 rep(             7.93633475818206 ,                6                ),              
 rep(             6.83382381964475 ,                75               ),              
 rep(             5.92037670675199 ,                65               ),              
 rep(             9.77129141660407 ,                169              ),              
 rep(             4.66949936863966 ,                114              ),              
 rep(             5.91607009712607 ,                49               )
 )
 BreakPoints= 4            14           23           29           104          169          338          452         
  bvals =          7.17637429700699 6.59344212664291 6.79815372382291 7.93633475818206 6.83382381964475 5.92037670675199
  9.77129141660407 4.66949936863966 5.91607009712607
  
**************************

[1]    10.00 18014.69
[1]    20.0 16863.2
[1]    30.00 20360.45
[1]    40.00 26705.88
[1]    50.00 25499.55
[1]    75.00 41359.59
[1]   100 57911

[1]    0.010 6278.995
[1]     0.05 10938.37
[1]     0.1 12291.4
[1]     0.20 13385.98
[1]     0.25 14717.23


**************************
  
 -------------------------------------------
 T=  500
 N=  800
 StdDev=          10.2309697689489
 NumBreaks= 5         
 b=c(
 rep(            9.8016963818809 ,               198             ),             
 rep(            8.4340573574882 ,               41              ),             
 rep(             5.55252331297379 ,                186              ),              
 rep(             8.61266754870303 ,                52               ),              
 rep(             7.39538523857482 ,                8                ),              
 rep(             5.44133379275445 ,                15               )
 )
 BreakPoints= 199          240          426          478          486         
 bvals =          9.8016963818809  8.4340573574882  5.55252331297379 8.61266754870303 7.39538523857482 5.44133379275445
 
 *************************
 
[1]    10.00 19500.35
[1]    20.00 14910.93
[1]    30.00 14727.02
[1]    40.00 26367.81
[1]    50.00 30323.57
[1]    75.00 28860.28
[1]   100.00 23654.79

[1]    0.010 6687.338
[1]     0.05 12295.64
[1]     0.10 13250.36
[1]     0.2 13205.1
[1]     0.25 13585.55
 
 *************************
 
 -------------------------------------------
 T=  500
 N=  800
 StdDev=          17.8424845789559
 NumBreaks= 11        
 b=c(
 rep(             5.38165185740218 ,                61               ),              
 rep(             6.91595117619727 ,                66               ),              
 rep(             7.38162138441112 ,                61               ),              
 rep(             7.63518198323436 ,                28               ),              
 rep(             8.59498532128055 ,                52               ),              
 rep(             9.02811561827548 ,                6                ),              
 rep(             6.74311335256789 ,                14               ),              
 rep(             7.92634081712458 ,                7                ),              
 rep(             8.74638075078838 ,                25               ),              
 rep(            8.1171026036609 ,               23              ),             
 rep(             8.38175181706902 ,                59               ),              
 rep(             5.22060823137872 ,                98               )
 )
  BreakPoints= 62           128          189          217          269          275          289          296         
 321          344          403         
  bvals =          5.38165185740218 6.91595117619727 7.38162138441112 7.63518198323436 8.59498532128055 9.02811561827548
  6.74311335256789 7.92634081712458 8.74638075078838 8.1171026036609  8.38175181706902 5.22060823137872
  
  **********************
  
 [1]    10 15029
[1]    20.00 13381.16
[1]    30.00 16632.21
[1]    40.00 11339.91
[1]    50.00 14379.75
[1]    75.00 20628.57
[1]   100.00 24084.76

[1]    0.010 5787.628
[1]     0.05 16089.18
[1]    0.100 9573.994
[1]    0.20 9880.08
[1]    0.250 9876.301
  
  **********************
 -------------------------------------------
 T=  500
 N=  800
 StdDev=          14.2834473322146
 NumBreaks= 6         
 b=c(
 rep(             9.49282330123242 ,                177              ),              
 rep(             5.31280852342024 ,                16               ),              
 rep(             4.90413856075611 ,                84               ),              
 rep(             7.81230293470435 ,                38               ),              
 rep(             9.26869581732899 ,                22               ),              
 rep(             7.24630320863798 ,                4                ),              
 rep(             5.86939970240928 ,                159              )
 )
 BreakPoints= 178          194          278          316          338          342         
 bvals =          9.49282330123242 5.31280852342024 4.90413856075611 7.81230293470435 9.26869581732899 7.24630320863798
 5.86939970240928
 
 ***********************
 
[1]    10.00 17876.85
[1]    20.00 15636.62
[1]    30.00 17663.08
[1]    40.00 24633.35
[1]    50.00 24611.64
[1]    75.00 46726.39
[1]   100.00 55351.88

[1]    	0.01 5872.84
[1]    	0.050 9686.367
[1]     0.10 11450.72
[1]     0.20 11415.72
[1]     0.25 11485.76
 
 
 ***********************
 -------------------------------------------
 T=  500
 N=  800
 StdDev=          10.5147909875959
 NumBreaks= 6         
 b=c(
 rep(             5.79916160646826 ,                50               ),              
 rep(             8.45050960651133 ,                146              ),              
 rep(           5.228272140841 ,              6              ),            
 rep(             8.21308333636262 ,                178              ),              
 rep(             4.75362278707325 ,                99               ),              
 rep(             5.14327869133558 ,                15               ),              
 rep(             9.76897826418281 ,                6                )
 )
 BreakPoints= 51           197          203          381          480          495         
 bvals =          5.79916160646826 8.45050960651133 5.228272140841   8.21308333636262 4.75362278707325 5.14327869133558
 9.76897826418281
 
 *************************
 
[1]    10.00 20677.13
[1]    20.00 15251.32
[1]    30.00 20531.27
[1]    40.00 20242.77
[1]    50.00 42429.67
[1]    75.00 27351.63
[1]   100.00 32620.54


[1]     0.01 16159.86
[1]     0.05 18007.43
[1]     0.10 15952.32
[1]     0.20 14521.09
[1]     0.25 15098.20
 
 *************************
 
 -------------------------------------------
 T=  500
 N=  800
 StdDev=          49.8851521117613
 NumBreaks= 10        
 b=c(
 rep(             9.35387887677643 ,                46               ),              
 rep(             9.05890220834408 ,                25               ),              
 rep(            9.3566726304125 ,               191             ),             
 rep(             7.70678998273797 ,                25               ),              
 rep(           5.091108925757 ,              14             ),            
 rep(             9.39150619099382 ,                9                ),              
 rep(             5.54640484997071 ,                74               ),              
 rep(             9.23821317276452 ,                43               ),              
 rep(             5.32801632361952 ,                30               ),              
 rep(             6.82807941711508 ,                10               ),              
 rep(             8.35020059568342 ,                33               )
 )
  BreakPoints= 47           72           263          288          302          311          385          428         
 458          468         
  bvals =          9.35387887677643 9.05890220834408 9.3566726304125  7.70678998273797 5.091108925757   9.39150619099382
  5.54640484997071 9.23821317276452 5.32801632361952 6.82807941711508 8.35020059568342
  
  ************************
  
[1]    10.00 30172.48
[1]    20.00 23906.55
[1]    30.00 26019.91
[1]    40.00 28995.72
[1]    50.00 28594.95
[1]    75.00 26859.56
[1]   100.00 29221.05

[1]     0.01 17595.07
[1]     0.05 31576.25
[1]     0.1 30471.2
[1]     0.2 23901.4
[1]     0.25 23678.96
  
  ************************
  
 -------------------------------------------
 T=  500
 N=  800
 StdDev=          14.8054207717068
 NumBreaks= 9         
b= c(
 rep(             8.64905522135086 ,                5                ),              
 rep(             5.62276546319481 ,                33               ),              
 rep(             4.52662097616121 ,                36               ),              
 rep(             6.62284809735138 ,                35               ),              
 rep(             9.78473725565709 ,                84               ),              
 rep(             6.21142989757936 ,                27               ),              
 rep(             9.23701146035455 ,                6                ),              
 rep(             9.09385951922741 ,                147              ),              
 rep(             9.02178695762996 ,                28               ),              
 rep(             7.46459758630954 ,                99               )
 )
  BreakPoints= 6            39           75           110          194          221          227          374         
 402         
  bvals =          8.64905522135086 5.62276546319481 4.52662097616121 6.62284809735138 9.78473725565709 6.21142989757936
  9.23701146035455 9.09385951922741 9.02178695762996 7.46459758630954
  
  ************************
[1]    10.0 22533.7
[1]    20.00 20618.67
[1]    30.00 22484.87
[1]    40.00 23664.23
[1]    50.00 24979.89
[1]    75.00 18493.36
[1]   100.00 62238.92
 
[1]    0.010 6627.865
[1]     0.05 13824.93
[1]     0.10 14062.87
[1]     0.20 14819.17
[1]     0.25 14589.26
  
  
  ************************
  
 -------------------------------------------
 T=  500
 N=  800
 StdDev=          37.0599132836796
 NumBreaks= 7         
 b=c(
 rep(             9.43207705335226 ,                47               ),              
 rep(             8.73090485716239 ,                6                ),              
 rep(             9.45866908098105 ,                97               ),              
 rep(             5.56283491058275 ,                38               ),              
 rep(             9.87141543137841 ,                143              ),              
 rep(             9.43940734013449 ,                150              ),              
 rep(            7.7057115084026 ,               17              ),             
 rep(             9.35844536498189 ,                2                )
 )
 BreakPoints= 48           54           151          189          332          482          499         
 bvals =          9.43207705335226 8.73090485716239 9.45866908098105 5.56283491058275 9.87141543137841 9.43940734013449
 7.7057115084026  9.35844536498189
 
 *************************
  
[1]    10.00 30121.01
[1]    20.00 18100.23
[1]    30.00 19434.21
[1]    40.00 23159.59
[1]    50.00 24671.77
[1]    75.00 17213.05
[1]   100.00 19062.44

[1]     0.01 12311.71
[1]     0.05 24672.21
[1]     0.10 21506.97
[1]     0.20 17296.44
[1]     0.25 19472.91
 
 *************************
 
 -------------------------------------------
 T=  500
 N=  800
 StdDev=          20.1003979127854
 NumBreaks= 18        
 b=c(
 rep(             4.74399809795432 ,                25               ),              
 rep(             7.63317575107794 ,                20               ),              
 rep(             9.08842383360025 ,                24               ),              
 rep(             5.43914900324307 ,                20               ),              
 rep(             9.05759265541565 ,                30               ),              
 rep(             8.23294176580384 ,                6                ),              
 rep(             7.40031198400538 ,                23               ),              
 rep(             9.00353121478111 ,                15               ),              
 rep(             9.75133728131186 ,                33               ),              
 rep(             5.65535490296315 ,                40               ),              
 rep(             4.72332736034878 ,                22               ),              
 rep(             7.71529083594214 ,                13               ),              
 rep(             5.11474928003736 ,                38               ),              
 rep(             5.22204949718434 ,                49               ),              
 rep(             8.44017250894103 ,                53               ),              
 rep(             7.96278681070544 ,                39               ),              
 rep(             9.61550962238107 ,                1                ),              
 rep(             7.07947100687306 ,                30               ),              
 rep(            6.1815336945001 ,               19              )
 )
  BreakPoints= 26           46           70           90           120          126          149          164         
 197          237          259          272          310          359          412          451          452         
[19] 482         
  bvals =          4.74399809795432 7.63317575107794 9.08842383360025 5.43914900324307 9.05759265541565 8.23294176580384
  7.40031198400538 9.00353121478111 9.75133728131186 5.65535490296315 4.72332736034878 7.71529083594214 5.11474928003736
[15] 5.22204949718434 8.44017250894103 7.96278681070544 9.61550962238107 7.07947100687306 6.1815336945001 

****************************
[1]    10.00 21820.59
[1]    20.00 27274.68
[1]    30.00 29718.44
[1]    40.00 28027.17
[1]    50.00 29756.85
[1]    75.00 72519.13
[1]   100.00 49675.01

[1]    0.010 8454.623
[1]     0.05 15800.91
[1]     0.10 16445.92
[1]     0.20 16712.45
[1]     0.25 16202.90

****************************
 -------------------------------------------
 T=  500
 N=  800
 StdDev=          42.8122497801669
 NumBreaks= 11        
 b=c(
 rep(             9.33041706832591 ,                55               ),              
 rep(             8.93524760962464 ,                8                ),              
 rep(            8.5572721590288 ,               51              ),             
 rep(             7.19284230470657 ,                46               ),              
 rep(             7.24418072903063 ,                9                ),              
 rep(             4.92122644686606 ,                72               ),              
 rep(             7.84681185323279 ,                73               ),              
 rep(             6.91717206640169 ,                86               ),              
 rep(             6.07892733218614 ,                22               ),              
 rep(             6.95375215087552 ,                1                ),              
 rep(             7.25504972354975 ,                22               ),              
 rep(             9.92582406871952 ,                55               )
 )
  BreakPoints= 56           64           115          161          170          242          315          401         
 423          424          446         
  bvals =          9.33041706832591 8.93524760962464 8.5572721590288  7.19284230470657 7.24418072903063 4.92122644686606
  7.84681185323279 6.91717206640169 6.07892733218614 6.95375215087552 7.25504972354975 9.92582406871952
  
  ***************************
  
[1]    10.0 20999.1
[1]    20.00 13765.45
[1]    30.00 17777.63
[1]    40.00 18769.23
[1]    50.00 27638.07
[1]    75.00 51845.84
[1]   100.00 51603.35

[1]     0.01 14618.51
[1]     0.05 14047.21
[1]     0.10 18510.07
[1]     0.20 17249.91
[1]     0.25 16005.94
  
  
  ***************************
  
 -------------------------------------------
 T=  500
 N=  800
 StdDev=          44.9152282793075
 NumBreaks= 6         
 b=c(
 rep(             8.34609719563741 ,                89               ),              
 rep(             9.44672616838943 ,                28               ),              
 rep(             7.68506058887579 ,                8                ),              
 rep(             8.78601149783935 ,                59               ),              
 rep(             6.54962118004914 ,                11               ),              
 rep(             7.97926613478921 ,                172              ),              
 rep(             5.69709108141251 ,                133              )
 )
 BreakPoints= 90           118          126          185          196          368         
 bvals =          8.34609719563741 9.44672616838943 7.68506058887579 8.78601149783935 6.54962118004914 7.97926613478921
 5.69709108141251
 
 ***************************
 
[1]    10.00 20918.52
[1]    20.00 13781.74
[1]    30.0 11261.3
[1]    40.00 11432.29
[1]    50.00 12193.25
[1]    75.00 16095.81
[1]   100.00 18651.31

[1]     0.01 21940.27
[1]     0.05 29182.83
[1]     0.10 30852.52
[1]     0.20 17777.24
[1]     0.25 17080.03
 
 ***************************
 
 -------------------------------------------
 T=  500
 N=  800
 StdDev=          43.3266609762795
 NumBreaks= 17        
 b=c(
 rep(             8.20796815527137 ,                32               ),              
 rep(             6.29594817420002 ,                7                ),              
 rep(             5.31740221986547 ,                28               ),              
 rep(             7.68497377273161 ,                66               ),              
 rep(             7.12628464726731 ,                6                ),              
 rep(             9.78385931451339 ,                26               ),              
 rep(             5.36695326247718 ,                52               ),              
 rep(             4.51131766987965 ,                42               ),              
 rep(             4.97315031127073 ,                6                ),              
 rep(            5.8140517808497 ,               5               ),             
 rep(             7.74789547221735 ,                2                ),              
 rep(            6.8944167207228 ,               153             ),             
 rep(             7.78469262330327 ,                4                ),              
 rep(             8.69144614809193 ,                49               ),              
 rep(             8.84062673826702 ,                9                ),              
 rep(             7.08964142564218 ,                10               ),              
 rep(             9.63823905063327 ,                2                ),              
 rep(             8.05228263803292 ,                1                )
 )
  BreakPoints= 33           40           68           134          140          166          218          260         
 266          271          273          426          430          479          488          498          500         
  bvals =          8.20796815527137 6.29594817420002 5.31740221986547 7.68497377273161 7.12628464726731 9.78385931451339
  5.36695326247718 4.51131766987965 4.97315031127073 5.8140517808497  7.74789547221735 6.8944167207228  7.78469262330327
[15] 8.69144614809193 8.84062673826702 7.08964142564218 9.63823905063327 8.05228263803292

*********************************

[1]    10.00 19940.79
[1]    20.00 24514.71
[1]    30.00 26783.49
[1]    40.00 29688.13
[1]    50.00 33291.97
[1]    75.00 44308.73
[1]   100.00 44618.09

[1]     0.01 18711.85
[1]     0.05 21753.28
[1]     0.10 21448.97
[1]     0.20 19993.32
[1]     0.25 18462.64


*********************************

 -------------------------------------------
 T=  500
 N=  800
 StdDev=          35.6188832842745
 NumBreaks= 6         
 b=c(
 rep(             8.69270207465161 ,                246              ),              
 rep(             6.01858861499932 ,                5                ),              
 rep(            4.5766122987261 ,               15              ),             
 rep(             5.55248102347832 ,                52               ),              
 rep(             7.29514178133104 ,                82               ),              
 rep(             6.46423155337106 ,                1                ),              
 rep(             4.85307760618161 ,                99               )
 )
 BreakPoints= 247          252          267          319          401          402         
 bvals =          8.69270207465161 6.01858861499932 4.5766122987261  5.55248102347832 7.29514178133104 6.46423155337106
 4.85307760618161
 
 *********************************
 
[1]    10.00 20498.02
[1]    20.00 18998.24
[1]    30.00 20889.84
[1]    40.00 22354.94
[1]    50.00 26216.04
[1]    75.00 29260.31
[1]   100.00 28250.35

[1]    0.010 8968.919
[1]     0.05 25094.34
[1]     0.10 15911.99
[1]     0.20 15888.77
[1]     0.25 14734.13
 
 *********************************
 
 -------------------------------------------
